{
 "cells": [
  {
   "cell_type": "code",
   "execution_count": 1,
   "metadata": {
    "scrolled": true
   },
   "outputs": [],
   "source": [
    "from selenium import webdriver\n",
    "from selenium.webdriver.support.ui import WebDriverWait\n",
    "from selenium.webdriver.support import expected_conditions as EC\n",
    "from selenium.webdriver.common.by import By\n",
    "from selenium.common.exceptions import TimeoutException\n",
    "import os\n",
    "from selenium.webdriver.firefox.firefox_binary import FirefoxBinary\n",
    "import pandas as pd\n",
    "import time\n",
    "\n",
    "# run web driver headlessly\n",
    "os.environ['MOZ_HEADLESS'] = '1'\n",
    "binary = FirefoxBinary('/usr/bin/firefox') \n",
    "\n",
    "# considers percentages also numeric\n",
    "def numeric(s):\n",
    "    try:\n",
    "        float(s.strip(\"%\\n \"))\n",
    "        return True\n",
    "    except ValueError:\n",
    "        pass\n",
    " \n",
    "    try:\n",
    "        import unicodedata\n",
    "        unicodedata.numeric(s)\n",
    "        return True\n",
    "    except (TypeError, ValueError):\n",
    "        pass\n",
    " \n",
    "    return False"
   ]
  },
  {
   "cell_type": "code",
   "execution_count": 2,
   "metadata": {
    "scrolled": true
   },
   "outputs": [],
   "source": [
    "# web scrape basic data into headerList and rowList\n",
    "driver = webdriver.Firefox(firefox_binary=binary)\n",
    "driver.get(\"https://octane.gg/stats/players/rlcs-career/#main\")\n",
    "delay = 2 # seconds\n",
    "try:\n",
    "    time.sleep(delay)\n",
    "    headers = driver.find_elements_by_css_selector(\"section#\\\\#main table.vuetable > thead > tr:nth-child(1) th span\")\n",
    "    rows = driver.find_elements_by_css_selector(\"section#\\\\#main .vuetable-body tr\")\n",
    "    headerList = list(map(lambda x: x.text, headers))\n",
    "    rowList = []\n",
    "    for i in range(len(rows)):\n",
    "        data = driver.find_elements_by_css_selector(\"section#\\\\#main .vuetable-body tr:nth-child(\" + str(i+1) + \") > td\")\n",
    "        rowList.append(list(map(lambda x: float(x.text.strip(\"%\\n \")) if len(x.text) > 0 and numeric(x.text) else x.text, data)))\n",
    "except TimeoutException:\n",
    "    print (\"Loading took too much time!\")\n",
    "driver.quit()\n",
    "\n",
    "playerDF = pd.DataFrame(columns=headerList, data=rowList)"
   ]
  },
  {
   "cell_type": "code",
   "execution_count": 3,
   "metadata": {},
   "outputs": [],
   "source": [
    "# web scrape basic data into headerList and rowList\n",
    "driver = webdriver.Firefox(firefox_binary=binary)\n",
    "driver.get(\"https://octane.gg/stats/players/rlcs-career/#advanced\")\n",
    "delay = 2 # seconds\n",
    "try:\n",
    "    time.sleep(delay)\n",
    "    headers = driver.find_elements_by_css_selector(\"section#\\\\#advanced table.vuetable > thead > tr:nth-child(1) th span\")\n",
    "    rows = driver.find_elements_by_css_selector(\"section#\\\\#advanced .vuetable-body tr\")\n",
    "    headerList = list(map(lambda x: x.text, headers))\n",
    "    rowList = []\n",
    "    for i in range(len(rows)):\n",
    "        data = driver.find_elements_by_css_selector(\"section#\\\\#advanced .vuetable-body tr:nth-child(\" + str(i+1) + \") > td\")\n",
    "        rowList.append(list(map(lambda x: float(x.text.strip(\"%\\n \")) if len(x.text) > 0 and numeric(x.text) else x.text, data)))\n",
    "except TimeoutException:\n",
    "    print (\"Loading took too much time!\")\n",
    "driver.quit()\n",
    "\n",
    "# write playerVector to csv\n",
    "playerDFAdv = pd.DataFrame(columns=headerList, data=rowList)\n",
    "playerMerged = playerDF.merge(playerDFAdv, on='Player', suffixes=('', '_x'))\n",
    "playerVector = playerMerged[playerDF['GP'] > 50].drop(columns=['','_x','GP_x', 'W%_x','Rating'])\n",
    "playerVector.to_csv(\"rlstats.csv\", sep=',')"
   ]
  },
  {
   "cell_type": "code",
   "execution_count": 4,
   "metadata": {},
   "outputs": [],
   "source": [
    "# load playerVector from csv, optional\n",
    "playerVector = pd.read_csv(\"rlstats.csv\", sep=',')"
   ]
  },
  {
   "cell_type": "code",
   "execution_count": 4,
   "metadata": {
    "scrolled": true
   },
   "outputs": [],
   "source": [
    "from sklearn import preprocessing\n",
    "\n",
    "scalar = preprocessing.StandardScaler().fit(playerVector.drop(columns=['Player']))\n",
    "scaled_train = scalar.transform(playerVector.drop(columns=['Player']))\n",
    "train_labels = playerVector['Player']\n"
   ]
  },
  {
   "cell_type": "code",
   "execution_count": 5,
   "metadata": {},
   "outputs": [
    {
     "data": {
      "text/plain": [
       "<Figure size 640x480 with 1 Axes>"
      ]
     },
     "metadata": {},
     "output_type": "display_data"
    }
   ],
   "source": [
    "from sklearn.cluster import KMeans\n",
    "import matplotlib.pyplot as plt\n",
    "\n",
    "# find best # clusters for future kmeans classification\n",
    "kmeans = [KMeans(n_clusters=i) for i in range(1,10)]\n",
    "score = [kmeans[i].fit(scaled_train).score(scaled_train) for i in range(len(kmeans))]\n",
    "plt.plot(range(1,10),score, 'bx-', label='Pro RL Player-Type Clusters')\n",
    "plt.xlabel('Number of Player Types')\n",
    "plt.ylabel('Variance')\n",
    "plt.title('Number of Player Types vs Variance')\n",
    "plt.legend(loc=4)\n",
    "plt.show()"
   ]
  },
  {
   "cell_type": "code",
   "execution_count": 6,
   "metadata": {
    "scrolled": false
   },
   "outputs": [
    {
     "name": "stdout",
     "output_type": "stream",
     "text": [
      "['GP', 'W%', 'SCPG', 'GPG', 'APG', 'SAPG', 'SHPG', 'ASP', 'A/G', 'SH%', 'GP%', 'PPG']\n",
      "[-0.17495856  0.47934227 -0.50295979 -0.49624317  0.54479371 -0.58040366\n",
      " -0.37347541  0.95861382  0.90780819 -0.22477715 -0.58635191 -0.06062214]\n",
      "[-0.34865506 -0.51880484 -0.25095553 -0.25314954 -0.0588246  -0.18852571\n",
      " -0.29708381  0.22230844  0.15054168 -0.05354553 -0.13976996 -0.21077923]\n",
      "[-1.33263954 -0.86123387 -1.26835735  0.04473459 -0.32115515 -0.78281905\n",
      " -0.07479508  0.82252458 -0.5138237   0.1686762  -0.14338688  0.00942105]\n",
      "[-0.55460785 -0.51382518 -0.02169916 -0.25689838 -0.34156613  0.11228785\n",
      " -0.29368911  0.20634938 -0.07813907 -0.06864267  0.13912714 -0.37767018]\n",
      "------Type 0 (Offensive Support)------\n",
      "ASP (0.9586138212009498)\n",
      "A/G (0.907808194410298)\n",
      "SH% (-0.22477715186561065)\n",
      "GP% (-0.5863519144539572)\n",
      "PPG (-0.06062214332417526)\n",
      "------Type 1 (Support)------\n",
      "ASP (0.2223084388111423)\n",
      "A/G (0.1505416762110403)\n",
      "SH% (-0.053545528562539246)\n",
      "GP% (-0.13976995861661934)\n",
      "PPG (-0.21077922559409074)\n",
      "------Type 2 (Striker)------\n",
      "ASP (0.8225245825073536)\n",
      "A/G (-0.5138237005836537)\n",
      "SH% (0.16867620326373478)\n",
      "GP% (-0.14338687711157005)\n",
      "PPG (0.009421050364099681)\n",
      "------Type 3 (Midfield)------\n",
      "ASP (0.20634938418017648)\n",
      "A/G (-0.07813907263279152)\n",
      "SH% (-0.06864266946988243)\n",
      "GP% (0.13912713906508867)\n",
      "PPG (-0.37767017739432396)\n",
      "\n",
      "player types\n",
      "Torment-\n",
      "[0.11456097 0.01074769 0.06699113 0.8077002 ]\n",
      "Gimmick-\n",
      "[0.00499485 0.0493509  0.93074816 0.0149061 ]\n",
      "ViolentPanda-\n",
      "[0.01471224 0.00596008 0.21827592 0.76105177]\n",
      "Kaydop-\n",
      "[0.00577457 0.0614351  0.79619803 0.1365923 ]\n",
      "GarrettG-\n",
      "[0.00180198 0.03746189 0.88522809 0.07550804]\n",
      "Kronovi-\n",
      "[0.06269809 0.07416369 0.58421392 0.2789243 ]\n"
     ]
    }
   ],
   "source": [
    "from sklearn.svm import SVC\n",
    "\n",
    "# determine natural clusters of each player\n",
    "kmeans = KMeans(n_clusters = 4, random_state=1000)\n",
    "classes = [0,1,2,3]\n",
    "cluster_builder = kmeans.fit(scaled_train, classes)\n",
    "labels = cluster_builder.labels_\n",
    "\n",
    "# build svc classifier\n",
    "classifier = SVC(gamma='auto',kernel='linear', probability=True)\n",
    "classifier.fit(scaled_train, labels)\n",
    "\n",
    "# determine most important features for each of the 3 classes\n",
    "feature_weights = classifier.coef_\n",
    "headers = playerVector.drop(columns=['Player']).columns.values\n",
    "#type0_pillars = sorted(range(len(feature_weights[0])), key=lambda i: int(feature_weights[0][i])**2)[-5:]\n",
    "#type1_pillars = sorted(range(len(feature_weights[1])), key=lambda i: int(feature_weights[1][i])**2)[-5:]\n",
    "##type2_pillars = sorted(range(len(feature_weights[2])), key=lambda i: int(feature_weights[2][i])**2)[-5:]\n",
    "#type2_pillars = sorted(range(len(feature_weights[3])), key=lambda i: int(feature_weights[3][i])**2)[-5:]\n",
    "\n",
    "print(list(playerVector.drop(columns=['Player'])))\n",
    "print(feature_weights[0])\n",
    "print(feature_weights[1])\n",
    "print(feature_weights[2])\n",
    "print(feature_weights[3])\n",
    "averages = list(map(lambda x: (feature_weights[0][x] + feature_weights[1][x] + \n",
    "                               feature_weights[2][x] + feature_weights[3][x])/4\n",
    "                   , range(len(feature_weights[0]))))\n",
    "distances_from_average0 = list(map(lambda x : (feature_weights[0][x] - averages[0])**2, range(len(feature_weights[0]))))\n",
    "distances_from_average1 = list(map(lambda x : (feature_weights[1][x] - averages[0])**2, range(len(feature_weights[1]))))\n",
    "distances_from_average2 = list(map(lambda x : (feature_weights[2][x] - averages[0])**2, range(len(feature_weights[2]))))\n",
    "distances_from_average3 = list(map(lambda x : (feature_weights[3][x] - averages[0])**2, range(len(feature_weights[3]))))\n",
    "\n",
    "standouts0 =  sorted(range(len(distances_from_average0)), key=lambda i: distances_from_average0)[-5:]\n",
    "standouts1 =  sorted(range(len(distances_from_average1)), key=lambda i: distances_from_average1)[-5:]\n",
    "standouts2 =  sorted(range(len(distances_from_average2)), key=lambda i: distances_from_average2)[-5:]\n",
    "standouts3 =  sorted(range(len(distances_from_average3)), key=lambda i: distances_from_average3)[-5:]\n",
    "\n",
    "print('------Type 0 (Offensive Support)------')\n",
    "for x in standouts0:\n",
    "    print(headers[x] + \" (\" + str(feature_weights[0][x]) + \")\")\n",
    "print('------Type 1 (Support)------')\n",
    "for x in standouts2:\n",
    "    print(headers[x] + \" (\" + str(feature_weights[1][x]) + \")\")\n",
    "print('------Type 2 (Striker)------')\n",
    "for x in standouts3:\n",
    "    print(headers[x] + \" (\" + str(feature_weights[2][x]) + \")\")\n",
    "print('------Type 3 (Midfield)------')\n",
    "for x in standouts3:\n",
    "    print(headers[x] + \" (\" + str(feature_weights[3][x]) + \")\")\n",
    "\n",
    "print('\\nplayer types')\n",
    "print('Torment-')\n",
    "print(classifier.predict_proba(scalar.transform(playerVector[playerVector['Player'] == 'Torment'].drop(columns=['Player'])))[0])\n",
    "print('Gimmick-')\n",
    "print(classifier.predict_proba(scalar.transform(playerVector[playerVector['Player'] == 'Gimmick'].drop(columns=['Player'])))[0])\n",
    "print('ViolentPanda-')\n",
    "print(classifier.predict_proba(scalar.transform(playerVector[playerVector['Player'] == 'ViolentPanda'].drop(columns=['Player'])))[0])\n",
    "print('Kaydop-')\n",
    "print(classifier.predict_proba(scalar.transform(playerVector[playerVector['Player'] == 'Kaydop'].drop(columns=['Player'])))[0])\n",
    "print('GarrettG-')\n",
    "print(classifier.predict_proba(scalar.transform(playerVector[playerVector['Player'] == 'GarrettG'].drop(columns=['Player'])))[0])\n",
    "print('Kronovi-')\n",
    "print(classifier.predict_proba(scalar.transform(playerVector[playerVector['Player'] == 'Kronovi'].drop(columns=['Player'])))[0])"
   ]
  },
  {
   "cell_type": "code",
   "execution_count": 12,
   "metadata": {},
   "outputs": [
    {
     "name": "stdout",
     "output_type": "stream",
     "text": [
      "Gambit,0.0027884344609599592,0.003972142751778639,0.9918553657317513,0.0013840570555101674\n",
      "Gimmick,0.004994848488852249,0.04935089602426487,0.9307481563212014,0.014906099165681303\n",
      "Drippay,0.0010939189726929283,0.016184977241368352,0.9781686716902939,0.004552432095644761\n",
      "SquishyMuffinz,0.014190145218907784,0.04493416265911279,0.8179384993511646,0.12293719277081466\n",
      "DarkFire,0.06969209660315843,0.13104521293459126,0.7611181748386687,0.03814451562358155\n",
      "kuxir97,0.0021221952335992583,0.005871802820974933,0.9577522799697897,0.03425372197563598\n",
      "JKnaps,0.007788607096624872,0.15413274942547062,0.7543608033084306,0.0837178401694739\n",
      "Express,0.04045454398954623,0.086494930809858,0.7306148103661345,0.14243571483446124\n",
      "GarrettG,0.0018019758045135148,0.03746189393858534,0.8852280910400262,0.07550803921687485\n",
      "M1k3Rules,0.08119345471216179,0.0032974669884583857,0.89326946382405,0.022239614475330054\n",
      "JSTN,0.012657191727966937,0.018706405691744993,0.2231793411880114,0.7454570613922769\n",
      "CJCJ,0.04873479182423493,0.10055568073018452,0.6029799610427994,0.24772956640278124\n",
      "Kaydop,0.005774569120462765,0.06143510172366072,0.7961980305697215,0.1365922985861552\n",
      "Markydooda,0.02163463270424691,0.017820877759695146,0.9255159333943602,0.03502855614169765\n",
      "Maestro,0.02112763822988683,0.1600061381904823,0.7588015093298138,0.06006471424981688\n",
      "Delusion,0.007602691496246632,0.7866795433871806,0.08291422088671256,0.12280354422985998\n",
      "Bango,0.0033009311277093214,0.9728291624998897,0.01920256522310198,0.004667341149299036\n",
      "Vince,0.01302139167298156,0.954586043824717,0.02318016808595576,0.009212396416345721\n",
      "Kronovi,0.06269809071570497,0.07416369293297588,0.5842139183850341,0.27892429796628504\n",
      "Nielskoek,0.006883653517768851,0.9538154920551233,0.026456821944216086,0.012844032482891858\n",
      "Julz,0.12356507438968284,0.13584066603763845,0.06372967813113851,0.6768645814415402\n",
      "gReazy,0.011769686832338493,0.011891157531933658,0.22900981511456703,0.7473293405211607\n",
      "Fireburner,0.03663025509548086,0.03136008259681111,0.7918535838130872,0.14015607849462064\n",
      "ViolentPanda,0.014712235143177063,0.0059600824457316,0.21827591500959845,0.7610517674014927\n",
      "shadey,0.0801704693442942,0.16026057024643334,0.15157187695730717,0.6079970834519655\n",
      "Yukeo,0.026297784881850184,0.09928080063226939,0.03647058507825278,0.8379508294076277\n",
      "Turbopolsa,0.01770338408974892,0.0807639330564683,0.629485098587008,0.272047584266775\n",
      "Torsos,0.07184189792792327,0.04003051624023812,0.6153325276277304,0.27279505820410815\n",
      "Kamii,0.06895351775483746,0.07930507652456203,0.04521486929366329,0.806526536426937\n",
      "FreaKii,0.005915741839473694,0.016318248603364467,0.015311077362488079,0.9624549321946738\n",
      "EyeIgnite,0.0030958802181444327,0.9489661910497994,0.033479480469667665,0.014458448262388438\n",
      "HotWheelsSid,0.21224209634874713,0.7568185617419487,0.018827904059029957,0.01211143785027399\n",
      "Fairy Peak,0.018790476604801824,0.03611483267487274,0.03648190783994054,0.9086127828803845\n",
      "Kia,0.7893023226538335,0.056639609670157263,0.02962265026806217,0.12443541740794703\n",
      "Siki,0.09651399774476711,0.6921679220629119,0.02175903727799047,0.1895590429143306\n",
      "Dappur,0.007097896520176948,0.9889669681069267,0.0022386326003364467,0.0016965027725599972\n",
      "remkoe,0.02665235226806015,0.029676977195789638,0.33548934230390964,0.6081813282322406\n",
      "Matt,0.08199627333748422,0.8008317678032398,0.035015354376269486,0.08215660448300681\n",
      "CJM,0.011190164838618576,0.9810079368394162,0.0019205239595098211,0.005881374362455683\n",
      "SOMA,0.0682184096267098,0.9107337593772649,0.00787616935042788,0.01317166164559731\n",
      "Plitz,0.09728775861681419,0.8932118307530439,0.005961597746375772,0.003538812883766456\n",
      "Mijo,0.12476237690602222,0.6796067665471432,0.009862339026776214,0.18576851752005835\n",
      "Sea-Bass,0.004422586724796861,0.9889990072144336,0.00044141190961224914,0.006136994151157435\n",
      "Mognus,0.006662942943182957,0.1760221459272765,0.01060454235803984,0.8067103687715008\n",
      "Ferra,0.21386395342001147,0.6304470365818319,0.09977094695582982,0.05591806304232669\n",
      "Turtle,0.8641628596450368,0.013947320639452997,0.06250050127999524,0.059389318435514954\n",
      "CorruptedG,0.09534504281798183,0.6915177934777794,0.025759463619959146,0.1873777000842795\n",
      "Vogan,0.32131772498974503,0.5804982635136646,0.016344319693816105,0.08183969180277421\n",
      "Lachinio,0.8102217660122649,0.06882232266548051,0.06301174367517162,0.0579441676470829\n",
      "Torment,0.11456097337203275,0.010747693893619964,0.06699112848267563,0.8077002042516714\n",
      "Paschy90,0.12842633173013307,0.07856564193654655,0.1517038983282304,0.6413041280050898\n",
      "Deevo,0.01478374325624012,0.006775453792576865,0.011900244050492531,0.9665405589006906\n",
      "Jacob,0.0619925099110959,0.006729594444612066,0.04455377926519777,0.886724116379094\n",
      "Insolences,0.2042383793119052,0.10302393317847608,0.0227847832146564,0.6699529042949623\n",
      "Dumbo,0.6769939092409576,0.030711002211385705,0.04792486469468428,0.24437022385297258\n",
      "Chrome,0.6468808149202395,0.09249520346486526,0.02401927897412923,0.23660470264076594\n",
      "Lethamyr,0.02267423764955507,0.7433261811560948,0.022606619480749397,0.21139296171360067\n",
      "Bluey,0.05970992264617751,0.036837794605735025,0.007999554549470801,0.8954527281986167\n",
      "Doomsee,0.6390667210484213,0.3054976292328497,0.01782690101484458,0.03760874870388435\n",
      "Jake,0.17619055305724468,0.005961967979893903,0.058946624767970954,0.7589008541948906\n",
      "ELMP,0.8945325788087732,0.05873566798897653,0.016807666584039253,0.029924086618210947\n",
      "Walcott,0.08680094116290786,0.7110697226614471,0.0022235613323111,0.19990577484333416\n",
      "ZeN,0.24704077538990982,0.6854103567789992,0.013859928737576932,0.053688939093514174\n",
      "Espeon,0.011019151563357433,0.9531301605730086,0.02980914853853253,0.006041539325101489\n",
      "Chausette45,0.021157515647584425,0.08092881532380151,0.006007224152268268,0.8919064448763455\n",
      "Daze,0.6944987363672279,0.06681225503768301,0.005970165585657493,0.23271884300943166\n",
      "Snaski,0.1681552658898178,0.22681476567615935,0.009201816702741302,0.5958281517312819\n",
      "Sizz,0.3294494359052033,0.05674757717371843,0.00594349851130378,0.6078594884097739\n",
      "Rizzo,0.06298620407063675,0.004480001547956404,0.010817533028787851,0.9217162613526191\n",
      "ellusive,0.7251905873987177,0.13567786126045708,0.007621950525724671,0.1315096008151008\n",
      "Sikii,0.15567494866736373,0.020311359595774098,0.005557522102511723,0.8184561696343504\n",
      "Genocop,0.7624122564831837,0.1742042968590454,0.007977315680131694,0.055406130977639405\n",
      "SnarfSnarf,0.4984282359265846,0.0015246145141440258,0.0037215561567949477,0.4963255934024764\n",
      "Memory,7.785631129354066e-05,0.9881361583738302,0.00016466919909254808,0.01162131611578386\n",
      "Metsanauris,0.24269000683593608,0.018411161685291572,0.011036220588261095,0.7278626108905114\n",
      "Klassux,0.09215947540260573,0.03450709776034091,0.012466777472608196,0.8608666493644452\n",
      "Moses,0.8619147770916118,0.0035908657999014454,0.00460958324136097,0.1298847738671258\n",
      "Quinn Lobdell,0.9357439646705032,0.048405132709024544,0.011152720618459058,0.004698182002013171\n",
      "Tequilaz,0.7870911008478233,0.20882276351814907,0.0015725598699445874,0.002513575764083018\n",
      "Dadooh,0.8466589766968545,0.11190126473626598,0.007096238676314151,0.03434351989056534\n",
      "Pwndx,0.93983198896913,0.04171459605445073,0.004102680383583527,0.014350734592835772\n",
      "SadJunior,0.6716868811211276,0.006936799129554598,0.015945852261667306,0.30543046748765057\n",
      "Montyconnor,0.7431517619914936,0.0008389695626633381,0.002511483650628808,0.25349778479521423\n",
      "cyrix,0.8362905067916637,0.11638395032233337,0.008766517587187822,0.03855902529881505\n",
      "Decka,0.7362283637646619,0.19721395939399491,0.007106382830120107,0.0594512940112232\n",
      "Allushin,0.2594516457227793,0.7360986636651802,0.0010298848675609816,0.003419805744479671\n",
      "al0t,0.6891509799184157,0.17154517617194784,0.028499687563174062,0.11080415634646266\n",
      "Jessie,0.9689169268734567,0.006952946171414829,0.001721599823468575,0.022408527131660177\n",
      "0ver Zer0,0.9356056500234661,0.0011969838585202332,0.010969764885032204,0.0522276012329814\n",
      "miztik,0.129535892702327,0.005417784653119827,0.009032651927763535,0.8560136707167897\n",
      "Skyline,0.6453523840959656,0.1096123276739559,0.005035352425105496,0.23999993580497295\n",
      "Addzey,0.9895837171827279,0.007500636049993245,0.00155565653887943,0.0013599902283995945\n",
      "Dogu,0.76386419563676,0.1856503546982363,0.0056443850555128435,0.0448410646094906\n",
      "TyNotTyler,0.9542904817940602,0.003432656910200684,0.0005061590909395293,0.041770702204799504\n",
      "Timi,0.9520472595326134,0.02363244099555424,0.0026237106514268556,0.021696588820405528\n",
      "Zensuz,0.9522530697023921,0.013729726855426762,0.0014308529196018955,0.032586350522579154\n",
      "Zanejackey,0.7404686410194096,0.008156422313814499,0.007291651071808673,0.24408328559496734\n",
      "Pluto,0.9523822628612719,0.0007171494159674905,0.001379719225157977,0.04552086849760262\n",
      "Requiem,0.9978545710040988,7.212737814496732e-05,0.00012936384832940104,0.0019439377694269097\n",
      "Continuum,0.9458261938708349,0.053215199108998,5.9111402530363436e-05,0.0008994956176367986\n",
      "\n"
     ]
    }
   ],
   "source": [
    "# create csv of all players\n",
    "file = \"\"\n",
    "for index, pl in playerVector.iterrows():\n",
    "    file += pl['Player'] + \",\"\n",
    "    file += ','.join(str(x) for x in classifier.predict_proba(scalar.transform(playerVector[playerVector['Player'] == pl['Player']].drop(columns=['Player'])))[0])\n",
    "    file += '\\n'\n",
    "print(file)"
   ]
  }
 ],
 "metadata": {
  "kernelspec": {
   "display_name": "Python 3",
   "language": "python",
   "name": "python3"
  },
  "language_info": {
   "codemirror_mode": {
    "name": "ipython",
    "version": 3
   },
   "file_extension": ".py",
   "mimetype": "text/x-python",
   "name": "python",
   "nbconvert_exporter": "python",
   "pygments_lexer": "ipython3",
   "version": "3.6.5"
  }
 },
 "nbformat": 4,
 "nbformat_minor": 2
}
